thumb=200 x 109
column_runs_start
run 0..199 countMax=109
column_runs_end
row_runs_start
run 0..108 countMax=200
row_runs_end
column_counts
109,108,109,109,109,109,109,109,109,109,109,109,109,109,109,109,109,109,109,109,109,109,109,109,109,109,109,109,109,109,109,109,109,109,109,109,109,109,109,109,109,109,109,109,109,109,109,108,109,109,109,109,109,109,109,109,109,109,109,109,109,109,109,109,109,109,109,109,109,109,109,109,109,109,109,109,109,109,109,108,104,109,109,109,107,108,109,109,109,109,109,109,108,108,108,108,108,108,108,108,108,108,108,108,108,109,109,108,108,109,109,109,109,109,109,107,107,109,109,109,91,107,109,109,109,108,109,109,108,108,108,108,108,108,108,108,108,108,108,108,108,108,108,108,108,108,108,109,109,109,109,109,107,106,109,109,109,108,109,109,109,109,109,109,109,108,108,108,108,109,108,108,108,108,109,109,109,108,108,109,109,109,108,109,109,109,109,108,108,108,106,109,109,109,109,109,109,109,109,16
row_counts
199,199,200,199,200,199,199,199,199,199,199,199,199,199,199,199,199,199,199,199,199,199,199,199,199,199,199,199,199,199,199,199,199,199,199,199,199,199,154,198,199,199,197,198,195,199,199,198,198,198,198,198,198,198,198,198,198,198,198,197,197,197,197,197,195,194,197,195,198,198,199,199,199,199,199,199,199,199,199,199,199,199,199,199,199,199,199,199,199,199,199,199,199,199,200,200,200,200,200,200,200,200,200,200,200,200,200,200,198
